H 0
S    1 1.0
       13.0100000000     1.0000000000
S    1 1.0
        1.9620000000     1.0000000000
S    1 1.0
        0.4446000000     1.0000000000
S    1 1.0
        0.1220000000     1.0000000000
P    1 1.0
        0.7270000000     1.0000000000
****
C 0
S    1 1.0
     6665.0000000000     1.0000000000
S    1 1.0
     1000.0000000000     1.0000000000
S    1 1.0
      228.0000000000     1.0000000000
S    1 1.0
       64.7100000000     1.0000000000
S    1 1.0
       21.0600000000     1.0000000000
S    1 1.0
        7.4950000000     1.0000000000
S    1 1.0
        2.7970000000     1.0000000000
S    1 1.0
        0.5215000000     1.0000000000
S    1 1.0
        0.1596000000     1.0000000000
P    1 1.0
        9.4390000000     1.0000000000
P    1 1.0
        2.0020000000     1.0000000000
P    1 1.0
        0.5456000000     1.0000000000
P    1 1.0
        0.1517000000     1.0000000000
D    1 1.0
        0.5500000000     1.0000000000
****
S 0
S    1 1.0
    110800.0000000000     1.0000000000
S    1 1.0
    16610.0000000000     1.0000000000
S    1 1.0
     3781.0000000000     1.0000000000
S    1 1.0
     1071.0000000000     1.0000000000
S    1 1.0
      349.8000000000     1.0000000000
S    1 1.0
      126.3000000000     1.0000000000
S    1 1.0
       49.2600000000     1.0000000000
S    1 1.0
       20.1600000000     1.0000000000
S    1 1.0
        5.7200000000     1.0000000000
S    1 1.0
        2.1820000000     1.0000000000
S    1 1.0
        0.4327000000     1.0000000000
S    1 1.0
        0.1570000000     1.0000000000
P    1 1.0
      399.7000000000     1.0000000000
P    1 1.0
       94.1900000000     1.0000000000
P    1 1.0
       29.7500000000     1.0000000000
P    1 1.0
       10.7700000000     1.0000000000
P    1 1.0
        4.1190000000     1.0000000000
P    1 1.0
        1.6250000000     1.0000000000
P    1 1.0
        0.4726000000     1.0000000000
P    1 1.0
        0.1407000000     1.0000000000
D    1 1.0
        0.4790000000     1.0000000000
****
O 0
S    1 1.0
    11720.0000000000     1.0000000000
S    1 1.0
     1759.0000000000     1.0000000000
S    1 1.0
      400.8000000000     1.0000000000
S    1 1.0
      113.7000000000     1.0000000000
S    1 1.0
       37.0300000000     1.0000000000
S    1 1.0
       13.2700000000     1.0000000000
S    1 1.0
        5.0250000000     1.0000000000
S    1 1.0
        1.0130000000     1.0000000000
S    1 1.0
        0.3023000000     1.0000000000
P    1 1.0
       17.7000000000     1.0000000000
P    1 1.0
        3.8540000000     1.0000000000
P    1 1.0
        1.0460000000     1.0000000000
P    1 1.0
        0.2753000000     1.0000000000
D    1 1.0
        1.1850000000     1.0000000000
****
N 0
S    1 1.0
     9046.0000000000     1.0000000000
S    1 1.0
     1357.0000000000     1.0000000000
S    1 1.0
      309.3000000000     1.0000000000
S    1 1.0
       87.7300000000     1.0000000000
S    1 1.0
       28.5600000000     1.0000000000
S    1 1.0
       10.2100000000     1.0000000000
S    1 1.0
        3.8380000000     1.0000000000
S    1 1.0
        0.7466000000     1.0000000000
S    1 1.0
        0.2248000000     1.0000000000
P    1 1.0
       13.5500000000     1.0000000000
P    1 1.0
        2.9170000000     1.0000000000
P    1 1.0
        0.7973000000     1.0000000000
P    1 1.0
        0.2185000000     1.0000000000
D    1 1.0
        0.8170000000     1.0000000000
S    1 1.0
     99506.0000000000     1.0000000000
S    1 1.0
     18092.0000000000     1.0000000000
P    1 1.0
        325.2000000     1.0000000000
D    1 1.0
        8.170000000     1.0000000000
****
