N 0
S    10 1.0
    129200.0000000000     0.0000250000
    19350.0000000000     0.0001970000
     4404.0000000000     0.0010320000
     1248.0000000000     0.0043250000
      408.0000000000     0.0153800000
      148.2000000000     0.0468670000
       58.5000000000     0.1201160000
       24.5900000000     0.2456950000
       10.8100000000     0.3613790000
        4.8820000000     0.2872830000
S    10 1.0
    129200.0000000000    -0.0000060000
    19350.0000000000    -0.0000430000
     4404.0000000000    -0.0002270000
     1248.0000000000    -0.0009580000
      408.0000000000    -0.0034160000
      148.2000000000    -0.0106670000
       58.5000000000    -0.0282790000
       24.5900000000    -0.0640200000
       10.8100000000    -0.1139320000
        4.8820000000    -0.1469950000
S    1 1.0
        2.1950000000     1.0000000000
S    1 1.0
        0.8715000000     1.0000000000
S    1 1.0
        0.3504000000     1.0000000000
S    1 1.0
        0.1397000000     1.0000000000
P    4 1.0
      147.0000000000     0.0008920000
       34.7600000000     0.0070820000
       11.0000000000     0.0328160000
        3.9950000000     0.1082090000
P    1 1.0
        1.5870000000     1.0000000000
P    1 1.0
        0.6533000000     1.0000000000
P    1 1.0
        0.2686000000     1.0000000000
P    1 1.0
        0.1067000000     1.0000000000
D    1 1.0
        4.6470000000     1.0000000000
D    1 1.0
        1.8130000000     1.0000000000
D    1 1.0
        0.7070000000     1.0000000000
D    1 1.0
        0.2760000000     1.0000000000
F    1 1.0
        2.9420000000     1.0000000000
F    1 1.0
        1.2040000000     1.0000000000
F    1 1.0
        0.4930000000     1.0000000000
G    1 1.0
        2.5110000000     1.0000000000
G    1 1.0
        0.9420000000     1.0000000000
H    1 1.0
        1.7680000000     1.0000000000
S    1 1.0
       12.2750000000     1.0000000000
S    1 1.0
       27.8270000000     1.0000000000
S    1 1.0
       63.0850000000     1.0000000000
S    1 1.0
      143.0130000000     1.0000000000
P    1 1.0
       10.7600000000     1.0000000000
P    1 1.0
       27.1800000000     1.0000000000
P    1 1.0
       68.6560000000     1.0000000000
P    1 1.0
      173.4250000000     1.0000000000
D    1 1.0
       14.0530000000     1.0000000000
D    1 1.0
       39.0810000000     1.0000000000
D    1 1.0
      108.6850000000     1.0000000000
F    1 1.0
       14.3570000000     1.0000000000
F    1 1.0
       52.6900000000     1.0000000000
G    1 1.0
       41.1200000000     1.0000000000
****
