N 0
S    1 1.0
    11420.0000000000     1.0000000000
S    1 1.0
     1712.0000000000     1.0000000000
S    1 1.0
      389.3000000000     1.0000000000
S    1 1.0
      110.0000000000     1.0000000000
S    1 1.0
       35.5700000000     1.0000000000
S    1 1.0
       12.5400000000     1.0000000000
S    1 1.0
        4.6440000000     1.0000000000
S    1 1.0
        0.5118000000     1.0000000000
S    1 1.0
        1.2930000000     1.0000000000
S    1 1.0
        0.1787000000     1.0000000000
P    1 1.0
       26.6300000000     1.0000000000
P    1 1.0
        5.9480000000     1.0000000000
P    1 1.0
        1.7420000000     1.0000000000
P    1 1.0
        0.5550000000     1.0000000000
P    1 1.0
        0.1725000000     1.0000000000
D    1 1.0
        1.6540000000     1.0000000000
D    1 1.0
        0.4690000000     1.0000000000
F    1 1.0
        1.0930000000     1.0000000000
S    1 1.0
        5.9520000000     1.0000000000
S    1 1.0
       16.2010000000     1.0000000000
P    1 1.0
       11.8710000000     1.0000000000
P    1 1.0
       44.8490000000     1.0000000000
D    1 1.0
       14.2000000000     1.0000000000
S    1 1.0
    125620.0000000000     1.0000000000
S    1 1.0
    296920.0000000000     1.0000000000
P    1 1.0
      269.0940000000     1.0000000000
D    1 1.0
       56.8000000000     1.0000000000
****
